0.0794151110720339 -0.193675436733289 0.429517164115153 1.15169271354542
0.1862290637355 0.0336468936003675 0.385294757927359 1.25393086375773
-0.36648202824005 -0.19160345451429 -0.123673825462463 0.263993124009396
0.0800951683965518 -0.122306461568502 -0.068014691610916 0.42404828499466
-0.436561644377542 1.00623378899275 -0.128058593955276 -1.92496801276253
1.49576957684958 -1.11342929263687 -0.66192954557622 0.424221657106467
-2.24975192978283 -0.389295735426812 0.0831118399090624 -2.32477913990258
-0.58592147178472 -0.564906249511005 -1.51703584903745 1.16837787908298
-0.293206187180096 -0.798943561446773 1.31066319440812 -1.71819608685308
-1.48860774192382 0.500569909538482 0.126881523633805 1.27431327778564
-0.293496363008768 -1.07063892674383 1.49591317310588 -1.05823718635516
-0.822528065587528 0.154224826577291 0.563480309678404 -0.158759210151529
0.137826816819525 -0.429843381135666 0.615458133486998 -0.258611664745263
0.565450683787074 -0.101797127980734 0.610736545384186 -1.59860160431254
-0.843340103502046 -1.13665426635103 -0.2865316693181 1.10441809444265
0.0702182396074803 0.180616366298165 0.975051331813889 -1.30899424308473
0.539014435842333 0.33773182776893 0.150886135632671 -0.983199288690056
-1.44284016607376 -1.30168530191759 -0.584674048668081 -0.237306081281714
0.858982114473335 0.964928763118178 0.947548560757518 -0.801383825001417
-0.283835429549355 1.31872716118546 -0.389596587441406 0.726794650536296
-1.42987062590491 -0.831848505304643 -1.00472162153923 0.713784965343845
-0.818295758686696 2.90826948049672 -0.971046291347516 -3.10094244592962
-0.191325648704344 1.12223856103912 0.733468138437503 -1.02367574980278
2.24584768548557 0.713459760703325 0.478588386050607 0.402615098632897
0.47871352612275 0.930453338822616 0.558840465253387 1.00301421690406
-0.0213139876689971 -0.77324272498515 -0.0218318970125303 0.627285260845496
0.679529607694137 -1.23965533381727 0.0355757283692147 -0.387394270846671
0.954694097469239 1.30569370448019 -0.183360738887374 -0.0543091749575547
0.670437986177365 -1.09183292909566 -0.245419870695626 -0.749448473579802
-0.588423428809363 -0.179424166046438 -0.664107462333065 2.03186374751251
1.69355629711229 0.335121321377969 0.755261354732868 0.429783117855504
1.79523972680776 -0.551704010890613 0.604833908910224 -1.12666006465781
0.919729936908222 -1.07483721065239 -1.47145423449646 0.50889491117474
-1.26791949908344 -0.254327666672648 -1.40655156580662 -1.24203976553438
0.624900864308389 1.79179126242629 -0.264638916268472 -0.438427523784591
0.460479159739504 0.72055474923492 0.423913974863596 -1.76937277460112
0.0144443725930364 0.914524650025702 -1.93488617369387 1.59744730977664
-0.199964831660738 -0.52608714837588 -0.418654299827871 2.49432273886933
1.10054263516558 -1.60215210745108 1.50686403615808 2.72970850664869
0.399000589258299 0.921930388401922 0.893543484454387 -0.173062255069547
-1.56090299619027 -0.894899108582194 1.79017674894167 1.27400344900321
-1.00701796739285 0.564606684186655 0.351073661001689 -1.23687668152281
0.2299915205832 1.66545841473227 -0.183924883277193 0.314654969913485
0.311529832165918 -1.47654965389173 2.08771017897784 1.73781816396731
-0.970099857780593 0.696700487189372 -2.12951310996744 -1.00780523665985
0.978777938346038 0.111794373283022 0.244697924399252 1.7907106393068
0.647157623639265 -0.145438471241241 -1.18519757790735 -1.81365071215425
-0.166974791471302 -0.216472876637419 0.297428008988269 -0.767179860478298
1.1085060744857 -0.906147010264135 -1.18854242724959 1.21065270228803
1.91787558367453 -1.24494562488428 -0.894357265740374 0.867098518668622
-1.24924315019304 -0.262868297551714 -0.65675296015859 -0.88110988925141
0.744702340400083 0.416921344710801 -0.31214797584921 0.858836115370193
0.481584891714797 -0.384466952305298 1.54650654906187 -0.111571438751606
-1.40921367962585 2.04004221454545 -1.39870598910042 1.04090575667967
-1.49196783376841 0.744988309546989 0.0288179173701664 0.97383833514007
0.170415039827731 1.01265031997368 1.25500897899319 -0.203106634469942
-0.977610500254179 0.368526680846821 -1.13078987417188 0.372548181656536
-0.0403356483239065 2.02000625513236 1.80066943692339 -0.118462884396916
0.197569116458398 1.20404971956104 -1.29545807985027 -0.885160929324642
0.394688568577259 0.366554166177574 -0.769453066878017 -0.586217313435417
2.71537873020438 0.539525996879484 0.503638350307624 0.375410257664387
-0.743786604297515 -1.22066062880528 0.622778001192413 0.276300440866651
0.285939475933771 -0.693122825432993 -0.556744362904587 0.444909586063217
-0.516888744438022 0.909970873568026 -0.615884453611253 1.09030463903585
-2.76241981144627 0.903744732803892 -0.102017058559341 -0.772050033731509
0.548614359623252 0.803599448098166 -0.196886610878405 -0.70596465775108
0.0407171312504613 -0.693125184531095 -0.328914792413319 -1.12851917132324
1.17073248726426 -0.213365625334331 -0.350722138092367 0.850651310865392
-0.436706621713018 -0.790586164759611 0.0828976062556889 0.316875813769362
-0.0112122295072245 -0.419597981097391 -0.824247945944898 -1.1990238007097
-0.221327433592989 -0.600665868032546 -0.935261243486436 0.105777897303337
-0.587970334783389 0.264377037081952 -1.72333227755306 1.57760296064071
0.349387263573801 0.283050346881331 0.960004971557952 1.44414511421967
0.0884953117880836 -0.998314277186991 2.42452026705872 2.16707927831655
0.669896486184879 -0.453515158796888 1.01149270250012 0.715246446803737
-1.49632355872548 -0.426584974345993 1.03229348347478 0.357788792676716
0.381683982122893 0.38056581592823 -1.64824255355217 -0.886236313225503
-1.9924792542305 -0.767726094599325 -0.21171986265869 0.509962064718046
-0.698082407168255 1.28838970676735 -1.47242364832353 -0.26249566125262
0.514010029494781 -0.436321842053864 0.28606431238367 -0.464261555571862
1.58297172340542 1.57586277166298 0.301450201449934 -0.0152756979657815
2.50619404393549 0.380212264046559 -0.614863726575625 -1.07482233181447
1.06745551441955 -0.230808179167599 -0.594606380287248 -0.619539576976103
0.515861630340946 -0.205542764681938 0.66133866497701 0.77509524481837
-0.290688218462746 0.878687740853479 1.17215293213889 0.145232718253898
1.69113705247612 -0.35926170164265 2.09830329940486 0.627605928000073
0.825287789158478 1.97970818278853 -0.307710115355377 -1.14986107143653
-0.991902321480432 -1.47462993446456 -0.48882800711002 0.557474083623864
1.31448966923318 1.02333659056388 0.672269990137995 -0.779640491978131
0.605951174570435 0.388684165809324 -1.2216758797613 -0.773905851495661
1.57272794333413 1.33591126205703 2.43863925901978 -1.05435860582608
1.16155373999822 0.878875880473459 0.115963857386993 1.93750764658295
-1.52953190606321 0.0810194289557398 0.328803327459401 -0.120248664578548
-0.17233451723785 -1.07784285664757 0.562507504221854 -0.352408525873038
0.137055952055662 -1.33097276719966 -0.451130927998932 0.243902671998067
0.827642594961294 0.763959540575229 -1.858695843967 0.00803434392178938
-1.68398835965641 0.547552311652806 0.465458843710213 0.942482119018493
0.258998579051059 -0.263791902860612 -0.015922544544808 -0.4780602947393
-0.0127945384038528 2.26418707515431 -1.15584965677983 -0.974115627472881
0.619110308968713 -0.0447701093414417 -1.26772006890664 -0.306432464708202
-1.17815226643848 0.470277199255726 0.629717446713063 1.44657892076019
1.89606205250417 -0.208751540348057 2.00057778221095 1.00085029441687
0.79161140811403 0.812246174624248 2.38486258505844 1.92422392933861
1.33592849081923 -0.534391105396421 0.825108782903151 0.543999528727438
-0.693002703514627 -0.436150440659959 1.15715196255952 -1.73224093229455
1.10473115628585 0.0962833889305634 0.103294686738324 -1.36878859960501
-0.0737563548437184 1.26449582233259 -0.179375244879721 -1.76399342064142
-0.300719474367732 0.443169010098678 -0.212389507715211 -0.152403680265595
1.18821830955771 1.18575648333241 0.439160767506994 -0.787180714489002
0.00777093430331987 -0.547713572429362 -0.667737220091971 1.18804436653801
1.95401839658348 0.593132862381036 -1.02666133014866 -1.10698226219737
-0.818682412420884 -0.354176105202662 -0.784731441269247 -0.119564183169349
0.841604880799632 -2.22608559542636 0.26114076499338 1.25762321383449
0.0281842395564216 -1.26148674025122 -0.250091856599665 -0.173905450057665
-1.68504377455025 0.119974211478674 -0.365941192273984 1.02584024790195
-1.23918708218093 0.329231782923229 0.412733766393714 0.938972873253895
0.749743769028561 0.2700938834887 0.23229074460138 -0.916050447943237
0.224345358559642 -0.168142280768588 0.480700059827548 0.387242008440221
-0.779376020957396 0.272245914671691 0.562459465637488 -0.083949085790794
-2.37473468851835 -0.816201756255807 0.372929634362932 -0.92617370046177
1.36881766798666 -1.86259369822133 0.11702213092499 -0.107328790755499
1.2447748450586 -0.585824319100285 -1.21836685216352 1.00342055994168
-0.521081924641604 -1.19565690664899 0.745965836692345 -0.369166897657451
-0.379238768342777 0.245141032783624 -0.26605566539717 -1.05830704758769
-1.39469192345819 -1.31045893230923 0.105390464003452 -0.0132309898243422
-0.443433149644285 -0.0419594288962258 -1.35250763027677 2.16315765785591
0.903968336784483 0.933763342952714 -0.518233788650631 0.36595845993241
0.921424796179221 0.306426238152918 0.178891911012929 1.71628797596917
-0.81459426327819 -0.583663902457872 0.339986371803204 -0.806897274413212
0.0674730406034338 -0.59244070992286 -0.351494159683131 -1.3577954748281
-1.55961230795764 0.0475960952570947 -0.116932670931483 0.696448949122126
0.222867830908372 -0.347867491336409 0.19489291841621 0.135069255698187
1.1697618996854 -0.147499342873357 -0.927751740478738 -1.56460826955068
0.0893087417083429 -1.69101710950996 -0.538576697846978 -0.0938177143764751
-1.93401539897685 1.05842189418921 0.278725746851913 0.538684255519599
-1.35627748307074 -0.510583889010009 -1.46518123177498 0.306192099997354
-0.0204768044355027 -2.57610413870399 0.0908948734202569 0.584182985859091
0.471323490625373 -0.541699100707363 -0.158040609047673 -0.407315063471174
0.161749611728665 -0.0145323810778116 1.65749114771364 0.349964489317737
0.11320047852138 -1.65292266064189 2.33242467469086 -0.248608062624132
-0.0658762924165945 0.163338284065274 -0.702008477922219 1.41431720226445
2.32006592546328 0.408308835178614 0.6671693431785 -0.598309079074669
-1.03858764803774 -0.44151046396588 0.744436705454158 0.768545836757946
2.10719074837986 0.796265736116043 0.601768545371267 -1.00992772384956
0.581019363709988 0.599369206271778 0.233790588566538 0.0666009374675524
-0.159527162651768 0.146246910030357 0.95950459719088 -0.251705123271247
0.614130790545664 1.18629066597137 -0.326751453730655 -1.16029679035294
0.374265991967092 1.34173619804535 -0.509689165223193 0.868384558904643
-0.516061601797404 0.199776159630647 -0.0234172232069159 -1.10894040204661
0.548096986289405 0.112950991156851 0.931537565131851 0.429100405644047
-1.40375004701221 -0.494897924233511 0.18620227555702 -0.28073052967917
-1.54819437665656 -1.10937811854827 -0.258415106104969 -0.836640179623423
-0.592139237900121 0.788654438701785 -1.54009743137933 -0.982414772488366
-2.1949231181728 -0.0555281029282152 0.331994198478211 0.831294155824076
0.241727698815645 1.52287787565623 0.273467660049478 0.0276800650058431
-1.01232935819208 -1.47234160388655 0.458943227796917 1.05221220760073
-0.569549057090969 1.4093364722633 -0.0753447885078212 1.97409612640563
-0.933536522637302 -2.16124451620243 0.854675911955765 0.279763346605222
-0.561468601607336 -0.0430957921970064 -1.29559370007156 -0.583829883601241
0.930411601755165 0.20427631878776 0.501837954185447 0.121785284195127
-1.71060705101247 0.832666230294289 -1.64238371580867 2.07109312059786
0.102983233431579 -0.00841735334263183 -0.170110055402279 0.93890026190149
0.511298935035576 -0.515975745030975 -0.34330600295246 -1.24641345267429
1.53424359421803 -0.967135549925952 -0.355663343493961 -0.132420732706554
0.166740551356784 1.81976215265108 -0.331045325966958 -0.344406435952804
-1.81054290165641 1.62393162662922 -1.50278729807917 0.823829706097146
0.172859274630051 0.695634512851341 -0.207315520494347 -0.451298840867533
-0.353852634570719 -1.50932754172172 -0.298919583758112 -0.567350692504413
-0.822835708868419 -0.511579058396043 1.05941423868803 -1.5922800945123
-1.27608976119949 -1.32457155282022 -0.0430467826873201 -0.229458889726963
0.491698301723135 0.0915454684499681 -1.56386395182684 -2.04777595680738
-0.687283970093263 -0.572365879972371 -0.998608138032408 -0.615347971687766
0.983628865364847 0.858142905439147 0.532357031883449 -0.257921112560697
2.15699379149319 1.83102704555533 -1.05356351701888 -0.487918464166465
1.1368468275063 1.49224758288244 0.337172953358736 0.266512587948297
-0.87662837703258 2.43085542163452 0.572571193840789 -1.36080904728542
1.33665104537792 -1.30108509593468 -0.127584697009818 2.28996667840197
1.19491902587532 0.163908209348269 0.179838802843333 1.0130603855854
1.87485081481922 -0.38473273124838 -0.348976036515031 0.299927246183548
-2.33687784604543 0.571662825796948 -1.5506057948284 0.987922378810625
0.312771672922871 0.274089952882813 -0.457774443367418 1.0564763992982
-2.83327812759317 -0.608783754541024 -0.395767039322215 0.658854634408567
-0.719928662020664 0.494320309755615 0.689951800075248 -1.31969868871058
0.266835634459911 -0.145118693950827 0.476638016146491 0.56385819398978
-1.805412515555 1.49687020947872 -1.94169009565107 0.53936307471921
-0.474353351500405 -0.987247777587456 0.526926447525637 -0.28050692068555
-0.270902261121114 -0.980693356022441 -1.17305367340174 -2.53314975973127
-1.04129590102997 0.484392089621627 -0.521904610936803 1.41790674920927
-0.313363121463478 -0.154440551639965 0.868921792505593 0.441018163566912
0.401341417866215 0.448248024009233 0.0968678443356805 -0.427898858783362
1.86940579560674 -2.35219951269491 0.514326292436669 -0.661038712731216
0.807169042443744 1.51906690311275 0.862653960051764 -1.15619313373414
0.348136026698851 0.753747895142151 1.16248401549849 0.400134263094981
-0.0816474984526223 -0.234214693084964 0.145849816390966 -1.32147365364495
1.08009392282378 0.34970989453655 0.993722224696398 -1.14467090649532
0.375505827487627 0.197354582114918 2.22134795221033 1.75452685306316
-0.0680497510878418 -0.339110791786966 -1.04014966297107 -0.17762222657019
-0.515848226972278 0.0593429316690326 0.0816849981588968 -0.056261405011592
0.156493767937795 0.364179795886573 1.22144056005976 -0.0148964455770412
-1.46083689186517 0.61149222879077 0.407864798413679 -1.20685368939931
