1.00904190770708
2.31144513541
-0.911336594416149
1.28312443057424
-1.23102930168128
0.288073856749188
-1.69926111839725
0.559051028669416
-0.774297105000648
0.0383006434799493
-2.07914675870011
-0.0885762541034673
1.17962647293585
0.0225213513156857
0.351391447162907
-0.352586100374249
-0.488461233349456
-0.0530980778998227
-0.72913079731119
-0.318512149909966
0.677833475693139
-2.24242460009135
0.40748252698904
-0.539449657733844
3.83836219867313
0.627878212928795
-0.584567038263054
0.135657833667168
-2.12230563244269
0.744647287753427
2.24736053297643
-0.798171371939457
0.678552642579595
-1.98679131061726
0.598965622207231
-0.102369532873571
1.11517302944297
3.24859035580401
2.44604550657224
1.67205450207048
2.13130888663693
-1.40942270372975
0.757713449169835
0.738119510784753
-1.53653868474463
1.82232918322985
-2.46017524528395
0.329405349659427
-0.884810960857316
2.26678310371706
-0.823171807467765
-0.266439865979225
0.532190993063062
-0.699678165086192
0.60170774227427
-0.747937461852344
-0.462216156759934
-0.270328281837124
0.28486943945186
0.949582515098084
0.197014410324664
-0.664759076556485
-0.0198846934861898
3.6033259635364
1.0018066928394
-0.469589151715596
-1.3255479741097
0.579111045466372
1.27978231706095
-1.29664845655663
-2.35624690644336
1.41908634516322
0.623931768935936
1.39982667178075
0.784827043881004
0.753316076728974
-0.363344850072161
-0.131121432273797
0.299314257313091
-0.0909854789864738
0.136056327599039
-0.82184926599344
-0.63301558310993
0.254879207913514
-0.039314359695417
0.454556916089908
0.213082460367596
-1.54654723030912
0.0515422625711702
-2.41844831260394
1.1246481290223
1.92006406292089
-0.949885772006765
-1.18001381449697
-1.79445315027322
-2.00895482510129
0.013107318590447
0.261765430732905
0.809536868527101
0.294453462358228
2.29306287767814
1.36898353050386
1.55902295977987
-1.00691135788034
0.392963747188431
0.101221865204523
-2.78282700375904
1.17378100740051
-0.768910868298629
0.298511947319458
-1.03168599248367
-0.857748083647222
1.32969304063681
-1.72157558741843
-0.442136456962009
1.40146067582834
-2.13550317676425
-2.24013351928374
0.625886344410045
-1.76816057364801
-0.00833959379345967
-1.22568801273916
-0.909164606846213
-0.129369950762233
-0.558749456449952
1.48304426285527
-1.36579093667323
-0.700383242914009
0.111044755308908
-0.375431567003085
1.35579712387078
0.637266961865886
-2.11531372715157
0.32760843159507
0.775341095414628
-0.471698090919925
-0.853413676344856
-1.2484371784723
0.629815374843798
1.39172002666797
1.86072292571566
0.480430771096373
0.186203633577484
0.306855397744079
-0.0968265840126351
1.27412648405259
-0.453757009082945
2.7033941654248
1.72553241392745
0.700902153577801
0.30529162087873
-1.68665365458667
-0.531251265422479
1.0689719859728
0.249187704634786
1.03997004999006
1.62133121242258
-0.460515369964411
-1.32497270894789
-0.056427814442533
0.180830507722527
0.447288952181826
0.601932001620746
-1.5600360245648
0.795185074036834
2.39579785344845
-0.714435273853665
-1.28552612051951
1.00516977435174
-0.742687903730203
0.271379761105241
-1.61426360478179
1.7403731937736
-0.704402011454302
1.2201238513354
-1.41159284101671
1.30981724087354
1.94829103721159
2.3389713545215
-0.432674477086818
1.07603504969788
-1.02533565839122
-0.327167283022209
-0.310147614412641
1.99224755369142
-0.677746413362893
-2.58916446024626
1.26182239598746
1.11848501777438
-0.00536718207796931
0.208198929966865
-1.09247628481876
0.745066190280496
-1.36817619462161
1.3061854472683
1.69123361196366
-0.908345439376641
1.28870564642695
-0.91330507818867
-1.45384523990092
